102
99
101
99
99
99
102
99
102
99
106
100
99
99
100
110
99
102
99
99
#
101
99
99
100
101
99
101
99
99
106
100
99
99
101
108
99
100
100
100
106
#
100
99
99
99
99
114
99
107
99
100
104
99
114
126
106
108
117
99
99
120
#
@
239
269
190
207
191
200
222
408
214
124
133
127
177
115
230
148
233
232
137
226
#
132
133
133
115
258
116
145
241
146
142
102
107
200
179
172
133
126
156
115
107
#
111
117
106
107
101
104
106
104
108
110
104
106
112
107
113
105
103
106
118
106
#
@
262
182
538
158
452
371
116
278
119
655
182
442
215
362
268
402
237
279
278
486
#
385
396
324
430
365
525
588
503
735
269
156
315
590
303
342
501
233
538
491
662
#
224
247
218
477
241
169
186
216
224
223
290
179
175
322
284
248
142
202
216
196
#
@
340
123
150
252
153
238
260
184
313
323
193
200
195
338
341
157
497
185
661
312
#
374
129
192
202
318
207
302
228
489
272
296
197
353
187
401
250
327
171
290
163
#
934
386
685
311
230
439
427
293
253
799
479
639
461
495
676
596
345
771
374
184
#
@
306
358
296
145
151
313
197
205
302
468
106
172
124
300
228
112
308
269
481
202
#
243
283
272
328
247
223
228
112
228
237
346
151
142
249
197
304
337
215
118
180
#
232
235
332
322
245
384
555
270
301
216
285
367
513
257
366
691
345
336
336
519
#
@
